9.700059063406165194e+00
7.160697239012797866e+00
1.175729898673264628e+01
7.316993031808305403e+00
1.760837672466491810e+01
6.243716359872134802e+00
7.647896189241603970e+00
8.115696696519426823e+00
8.753099576426016881e+00
6.353181081335717018e+00
5.439769448093187520e+00
6.746627178103392630e+00
8.243846923892013123e+00
9.515894047007996903e+00
9.070135038659904225e+00
9.597304011365682896e+00
8.700420322548737317e+00
1.246818753530646973e+01
9.111572323364358184e+00
9.516698945710361457e+00
7.470665472219449654e+00
1.112798155036250236e+01
8.383540434792553953e+00
6.989639594213008955e+00
6.067812751494225942e+00
5.830330213669708606e+00
1.479383550256401314e+01
6.123130319056656390e+00
1.411084391950211092e+01
5.408578056551277768e+00
9.769436307429693045e+00
7.962145645362519453e+00
7.638537910498224726e+00
1.116039338945857118e+01
1.040671371519634647e+01
1.257751046001100903e+01
8.413185100452052367e+00
6.821674288450381596e+00
1.024068384425898159e+01
5.735882386131191168e+00
4.689707300272186075e+00
1.254224360798952986e+01
6.623326227047442671e+00
8.745800468551552243e+00
1.508915135430113885e+01
1.030709537906883000e+01
1.007628918867762913e+01
7.439673554934127964e+00
8.166653832059154183e+00
1.191340949899207402e+01
7.635125499995813136e+00
9.094241694803612219e+00
9.998315292434995172e+00
6.386336482591956631e+00
1.352155303888710414e+01
7.666948413765219073e+00
6.857851609008334570e+00
1.022109710714620157e+01
9.576715824144599765e+00
9.912251770211216950e+00
7.277863295363812490e+00
7.945979250210551292e+00
1.395834153548551804e+01
6.581793931153158361e+00
1.623715551805272383e+01
6.479798406251489062e+00
8.435740513025018927e+00
5.681161807853897017e+00
1.308587559327614969e+01
8.394859355631879794e+00
5.729746636239664959e+00
1.417322417437845239e+01
7.922147757356723830e+00
1.042833831936893141e+01
1.309038529588396749e+01
1.371262268064121059e+01
5.911297683026897509e+00
1.220278599015653320e+01
7.029158119561657259e+00
7.017535272869395158e+00
1.089310177402014546e+01
1.105946483621903553e+01
1.493042832128014652e+01
4.910969952166268193e+00
4.903940845208858867e+00
7.909830243759353507e+00
1.986149118645322886e+01
4.037381948106465224e+00
1.574377804193765940e+01
9.183722003248165677e+00
6.070756474250020851e+00
7.016843370546347991e+00
7.702162688990060957e+00
5.919682312810042646e+00
1.500168823594171208e+01
7.357443290775071532e+00
9.161759128779733530e+00
9.063618738534852781e+00
8.828247625625454731e+00
1.539454155366127708e+01
9.939693214213516370e+00
1.771321082560513460e+01
1.105542055098976384e+01
1.215357720088880811e+01
9.245751767370752106e+00
4.309231051846396099e+00
8.840244009084948118e+00
6.846055834256214112e+00
8.594633118738070010e+00
1.027078751549513846e+01
7.998916431636088120e+00
1.007696963702242243e+01
6.303546772879478510e+00
9.912516225043846774e+00
1.330035283332734686e+01
1.760620624160829806e+01
1.372387038737395137e+01
1.204801285779833364e+01
7.761726563440459969e+00
9.857877514999554336e+00
9.153358977418802667e+00
1.106115650707437936e+01
6.018676090963038128e+00
8.905154955598392874e+00
6.144112888453917343e+00
1.290373053329588870e+01
1.239962846557319232e+01
1.365907657885226989e+01
9.134769374716940504e+00
7.485036045512328151e+00
5.134658276321487413e+00
6.234115183269051563e+00
6.012152480640928331e+00
1.483368600514559787e+01
9.506498152022361481e+00
1.275471773498200179e+01
1.680283232835497387e+01
7.102481132279271137e+00
1.025680167200029658e+01
1.213325866119503438e+01
1.348113420504656546e+01
1.039461252471793529e+01
1.453033525306245899e+01
1.052569798684999469e+01
1.769487975546659442e+01
9.421640304527372223e+00
1.530921530481391279e+01
1.213285496725698920e+01
5.416675738530529749e+00
8.872177019108439922e+00
8.416721986218528073e+00
9.026349049349768450e+00
1.506941208801865528e+01
1.249665939631133682e+01
1.201293149822827111e+01
6.844507215315055682e+00
7.606568147450623485e+00
7.980188676759315314e+00
4.942960737169575403e+00
5.308056760714005229e+00
4.712474702202374743e+00
9.164277818940298914e+00
9.051749646358096868e+00
8.141483771607129327e+00
7.421146374682966673e+00
1.147933775347705421e+01
1.475402136763012706e+01
7.802831670876214432e+00
1.118315935343456147e+01
1.078774943149071319e+01
1.537330843391491086e+01
1.001691649002814444e+01
5.331779866135570423e+00
1.149785783190292499e+01
1.585284839815822089e+01
5.948711160782971241e+00
1.659794715373342555e+01
1.283527722820423378e+01
6.146587956238914074e+00
9.224196374384639796e+00
1.491851455971247020e+01
1.397968830256713524e+01
1.026573391942540070e+01
6.655435743358629530e+00
9.984744795207127765e+00
8.798632040578624469e+00
9.074652423712983307e+00
8.457646172396358963e+00
7.899233133950018804e+00
5.375147823932604041e+00
1.030067012566030726e+01
1.367490373963930672e+01
6.885660783019874387e+00
5.891919614915451575e+00
6.602418925713892328e+00
6.957012281674601617e+00
1.234366221687814225e+01
1.143406701578650519e+01
1.137510210273091360e+01
1.283640552490792253e+01
5.647832507654257483e+00
4.335094497703391170e+00
5.718392875893408167e+00
8.874952539012296526e+00
9.028345547537245608e+00
6.830199995824385972e+00
9.974555518191614567e+00
7.051990080664358729e+00
7.625685899403300105e+00
6.808501783828094567e+00
1.034727165128752269e+01
5.829360807883471551e+00
6.850751362236127129e+00
7.776666718763101116e+00
4.991393106524592227e+00
8.995696362588089912e+00
4.974896010291049997e+00
8.448895774430086547e+00
5.232271209697675118e+00
6.650007844870146734e+00
9.244573492837588446e+00
1.418107366446716888e+01
1.224998439063579703e+01
8.444600346117836054e+00
7.542391268978780872e+00
1.109088865640005395e+01
1.149019370446252886e+01
8.287699156844832160e+00
6.309244674923272456e+00
1.095950767305375706e+01
8.715638757450680174e+00
6.481186168713216844e+00
1.121297628420014370e+01
1.188263263672007852e+01
5.690622708250738349e+00
8.548823260796785561e+00
6.028279410191387022e+00
1.101529102194244558e+01
1.009496640413427926e+01
1.890456293501459939e+01
9.387426704535480226e+00
6.425646484533201530e+00
9.817691145551791010e+00
8.855298608109125169e+00
1.087541667816295998e+01
1.110995322292749421e+01
9.037443243305133933e+00
6.754392688491053676e+00
1.191397689406377047e+01
9.627786779273391105e+00
