8.437440255237507736e-02
4.134068522426622705e-01
2.127512920981723676e-01
6.180024254667015882e-02
4.315156677492821835e-01
1.894411069830518324e-01
9.996320988735014623e-01
1.708850231317255997e-01
4.545795840619393929e-02
3.192855897328523707e-01
8.105306368105383852e-01
6.322988010803877457e-02
2.774130746989432184e-01
1.724450576650095879e-01
9.380754697924795771e-01
6.186090129080297484e-02
2.140800773193292095e-01
3.061757677604781680e-01
7.761440267547542460e-01
1.801766887451894672e-01
2.537350778221367786e-01
4.623662097608491339e-02
1.916965131783801013e-01
3.632417111746158445e-01
1.164264430154054314e-01
3.038072371608904754e-01
4.164805581132656753e-01
3.662863660488344109e-02
3.297330735022001996e-02
1.255496544996256569e-01
4.907859922435986455e-02
8.233151454445154782e-02
4.199455257104992012e-02
2.287619440596880827e-01
7.357389371968050540e-01
3.605484939612242923e-01
7.479232003586271105e-02
4.673078530128508823e-01
1.015919004116575125e-01
4.940314409832571863e-02
2.400993363535207092e-01
4.278077149875422758e-01
8.014744944414278760e-02
9.647773306175563834e-02
9.133144451080473791e-01
4.415079819482986556e-02
1.651725947195572253e-01
8.727178457570575199e-02
7.224060769264759041e-02
2.416644008798433385e-01
9.997859244157232261e-01
1.940091125522344917e-01
9.996552009182664289e-01
3.904730101004121323e-01
8.503310944873685440e-01
8.962913816698481195e-01
7.184726186244275725e-01
6.038937208513712740e-01
6.421148694980876037e-01
9.489288941508723374e-01
8.266840636212970939e-01
8.417853627088324187e-01
1.825926797177026550e-01
8.801326230469888046e-01
9.638317637159656837e-01
6.514906919893629356e-01
8.279021342447846488e-01
9.985476814734873807e-01
3.798662622096364294e-01
9.474859568004765364e-01
9.770944741550321444e-01
3.123936113987226260e-01
6.296042399713678295e-01
4.267431717784743173e-01
8.011403412727058360e-01
9.910484633866546433e-01
7.104697062677050035e-01
4.708408665227690748e-01
9.816888370573814138e-01
2.505669664015682252e-01
1.608362131317394028e-01
9.998534562073108090e-01
9.675495214575038361e-01
9.336981967202960808e-01
5.087465920213458670e-01
8.770917381594905970e-01
8.039259638352831416e-01
6.492587021470783704e-01
7.516339773591068640e-01
9.999420819821801532e-01
2.350241279624610269e-01
7.134653520005186378e-01
6.940559375303073653e-01
8.027425950159090551e-01
8.342526172381045102e-01
5.225220716164191703e-01
5.038553664100489105e-01
7.224698833266394171e-01
9.978699941243096561e-01
4.146755440041925977e-01
