1.854721830239620672e-01
1.225238644343875638e-01
1.212310115189938059e-01
1.232908962259907093e-01
9.452283945243701302e-01
9.162945906216322101e-01
3.097358492244306483e-01
9.453732623118453818e-03
2.280104043459902918e-01
1.897841455383980080e-01
1.702171099973834312e-01
1.208521814783851261e-01
8.260821453536817405e-01
9.219044649591404128e-02
8.511788539327040937e-01
4.012828765511902707e-02
2.920180966521520594e-01
1.515181502360024024e-01
2.712969895229453421e-01
6.306787943652357453e-02
1.455434541538268289e-01
2.214275069928753337e-01
1.221768399429558477e-01
4.485362519030518941e-02
2.217689807903324983e-01
2.227677993251311328e-01
3.788374933101144593e-01
9.846489409405073667e-02
9.885717413184272329e-02
1.154921006209095186e-01
4.124316942817009002e-01
5.833827207417147109e-01
7.048727950385018370e-02
1.853906784817925257e-01
7.426961569835238697e-02
2.904594710735197705e-01
3.643023631515038274e-01
2.812431618548721923e-01
1.042978857631553236e-01
1.833700201821536133e-02
2.289817002166458226e-01
6.844764275425491151e-02
2.033517982155842729e-01
3.159616872193748427e-01
8.949894624358460671e-02
2.241595613321034353e-01
2.566338599807180265e-01
3.720307137738478043e-02
1.415104975952540534e-01
1.573095545743716517e-01
9.314345672301654888e-01
7.354637411435015482e-01
7.828686630147890790e-01
8.588101088224285862e-01
5.864216693798339763e-01
8.446429853879348082e-01
9.092575293875178044e-01
6.672309423814691831e-01
6.504433227882401303e-01
9.563226096893423511e-01
8.957815740063735932e-01
4.228585821715257764e-01
9.771576176435115002e-01
6.749605581845483648e-01
5.098833282797958777e-01
9.792981903804379717e-01
9.521655946484988142e-01
8.121187965197129710e-01
9.017673381307333980e-01
4.218644530917118884e-01
6.249771303614277684e-01
4.784300253319078711e-01
3.512458055746842112e-01
9.846596572699811700e-01
2.579452916548464758e-01
8.461647849682929490e-01
8.239928783178248617e-01
7.245060640620474279e-01
8.429086064496067732e-02
7.628125737497599701e-01
7.530628879993553904e-01
8.899014564211081835e-01
8.926955883781911849e-01
9.622437020566201316e-01
7.661597900747252332e-01
9.545121701897928412e-01
9.955421895789812181e-01
4.097591625915448232e-01
9.807785164822013790e-01
8.971561186819898559e-01
7.349149775784153960e-01
4.907328042682648217e-01
5.642651978689086079e-01
8.605185485794933919e-01
2.195172066724195292e-01
9.474348924319870857e-01
8.906304918060521381e-01
6.728625183256268238e-01
8.269406823703644438e-01
9.786329761068319755e-01
