1.290592510761971456e-01
1.786968087178703924e-04
2.713156942928979405e-05
6.937387748573222985e-05
2.171239565158327952e-04
2.141330881672362171e-03
5.871233449007300965e-04
5.985802443472459896e-08
5.999209997807265120e-04
4.254456757846447895e-06
1.124895282441488217e-04
3.046392945438051395e-04
1.911754319010664123e-03
3.567403153282544775e-04
4.959476774360313775e-06
8.505760834832176709e-02
2.147736535842581309e-05
1.497735113526126418e-05
2.107098073337614150e-03
1.565448863305414653e-06
7.059060578990071435e-07
9.032043054634594391e-04
4.944975710157209188e-04
1.169406233905963613e-02
1.455784028843832463e-07
4.518645468268971320e-08
2.418747424983317480e-05
1.711402446303263158e-02
1.655064597494816666e-05
9.289902916966763513e-01
4.243780761381248795e-03
2.888145237976926484e-05
9.162407705566162578e-07
1.357930532557319259e-05
5.575219463435416960e-03
1.157803385652012278e-03
3.216465875361446125e-02
4.283081973737446480e-01
4.670986886036648989e-05
1.156230296881410115e-05
1.060111693679083008e-03
2.551805829625797322e-05
2.100391627651478506e-06
3.231491880354980719e-03
5.735302257616752973e-05
3.838731551530067017e-03
2.593659764045181574e-06
2.939507951263916429e-08
1.762957617727259861e-04
9.582714579608789807e-01
1.311964333331600485e-03
2.811827256070481909e-02
9.085155190948789703e-06
1.466665024468833236e-03
1.490740399758704385e-02
6.994214853419230992e-07
5.532799222770262877e-04
7.410874262176606400e-04
1.194679711648304662e-03
1.155680384318914062e-04
3.471690670110656241e-04
2.659403467046161392e-05
6.153953509244726813e-08
9.974475471221622147e-01
9.704294565955846608e-01
8.006167059282670584e-01
7.789744666192911504e-01
9.927095283816879112e-01
9.440938648530968758e-01
9.995811037378175001e-01
9.999619420093246447e-01
9.987504246418202891e-01
9.971155938950335695e-01
9.810920409862889935e-01
9.956350783167132734e-01
7.458736433109017794e-01
9.827986963074052396e-01
9.793127856801484565e-01
9.985238955132368366e-01
5.080815660318287463e-01
9.926672060783485740e-01
9.999638719784692542e-01
9.986438135723052500e-01
9.925895574026876167e-01
9.608383452937029334e-01
6.591424841490589603e-01
9.888234200327882251e-01
9.963831623236597546e-01
9.998397065642226078e-01
9.836102483549687969e-01
8.020410590549884589e-01
9.927195625948374014e-01
9.570264925312150783e-01
9.956753645403858544e-01
9.517198485190271340e-01
9.998282158084536020e-01
9.986717312581819828e-01
9.239805185623228834e-01
9.997027721600728611e-01
9.994068066360449754e-01
9.998594668070002189e-01
9.850549292930733669e-01
9.796572121070563632e-01
9.993369667420495261e-01
6.811003033626369385e-01
9.871874122186176104e-01
9.742170766953091032e-01
9.985214600438001575e-01
9.288149714545897995e-01
9.189160440326268331e-01
9.993997715043065888e-01
8.706749475200991073e-01
9.922464402572954700e-01
9.108707582411388337e-01
5.311854079535822670e-01
9.941960803570177863e-01
9.991885634535855321e-01
9.042690274929106042e-01
9.992813688859051302e-01
9.875099221966329166e-01
9.658528507971727572e-01
9.901532127513439363e-01
9.080955271278781105e-01
9.990194056573931114e-01
9.997830918112907694e-01
2.261305934928149741e-01
