5.935851377822005254e-02
8.125726914801295261e-03
7.425506679715495814e-03
1.254329882622600041e-02
1.264054909422094447e-02
2.765847450855790299e-02
1.465584278909761763e-02
8.275365056830835415e-04
2.363510163048048937e-02
4.716843701399705754e-03
9.475913084011371515e-03
1.013030945199083245e-02
1.255415884467392038e-02
1.304348987828534909e-02
4.062940692908357555e-03
8.538002050179496760e-02
3.524334075554749150e-03
7.586143997558755271e-03
1.902840950896484210e-02
2.537927201465416116e-03
2.708251474676307870e-03
2.588656053859899817e-02
1.469486778439267963e-02
1.942035001175188361e-02
1.353790079632583195e-03
1.699898924819474291e-03
6.098800087309393797e-03
4.528129430081898749e-02
3.427511434143119297e-03
1.029967210800701444e-01
1.599771972591813862e-02
3.274032809006313400e-03
1.393754710443946164e-03
3.973502044674222071e-03
3.827537033606248640e-02
1.311729056254784358e-02
3.755244677814909698e-02
4.995741269378960181e-02
4.686721656817093365e-03
4.921311264473692340e-03
1.309520045571501215e-02
5.455316444561504781e-03
2.185773224447862002e-03
1.982103839997016032e-02
1.262968761212642302e-02
2.023647363701237475e-02
3.369094949048029829e-03
1.170166066028494349e-03
9.028911318832322230e-03
2.008951445939333169e-01
1.152329153757211504e-02
2.246081902367524571e-02
5.413307877446909416e-03
2.266165390332608789e-02
1.270997380607225696e-02
1.551278312793204868e-03
1.359017822023207527e-02
1.030461333228691913e-02
1.880209141111418431e-02
1.074163341633195719e-02
5.556253849534257758e-03
4.064357822335910517e-03
8.508707465526826191e-04
2.212211063578143344e-01
1.321810787619205341e-01
1.077302869343171460e-01
1.021397563373320494e-01
1.305856442304458298e-01
1.238267412402487555e-01
2.545650168458428730e-01
3.812132271581776810e-01
2.063272036620560634e-01
1.995849092752428333e-01
1.557577504997183226e-01
2.122858090793839081e-01
1.004689971600252335e-01
1.537941776908881564e-01
1.274529705211845942e-01
1.676098728672071048e-01
6.942358323631742101e-02
1.568801983514931941e-01
3.893689380836153902e-01
2.087640486102156079e-01
1.732035310999966715e-01
1.060772634242266171e-01
9.493202288455525328e-02
1.184547222015682189e-01
1.859374963272517889e-01
2.769892055530181474e-01
1.664429871617578161e-01
1.092853321265231242e-01
1.600438067807929410e-01
1.264635120162815596e-01
1.718356868477288468e-01
1.377950712782495535e-01
2.413507553566101582e-01
1.998339107106845702e-01
1.073427582584513956e-01
1.914447659735206697e-01
2.314091940486913968e-01
2.933969132875393071e-01
1.606171332390409767e-01
1.448481581718248645e-01
2.281328303151664849e-01
7.602433074224962395e-02
1.463162816701971403e-01
1.542602569551231595e-01
2.033689433790429879e-01
1.220432548518012167e-01
9.389099285670787776e-02
2.248622180480688015e-01
8.625590560318907585e-02
1.891637526211386311e-01
9.767085035039511920e-02
7.645761737176007267e-02
2.137000720755896088e-01
2.658623290586294985e-01
1.230304448312882909e-01
2.154718015623760252e-01
1.577912014280613839e-01
1.395933579941979197e-01
1.407161883013135217e-01
1.144982501713106143e-01
1.872183505495123024e-01
2.765679449973209025e-01
5.491845700355223875e-02
