3.447141936462044254e-01
4.718873878295715141e-02
4.312233215737679148e-02
7.284301552260891155e-02
7.340777945586721143e-02
1.606217563553616334e-01
8.511124534090075411e-02
4.805773613793060811e-03
1.372567216008467039e-01
2.739224535099090557e-02
5.502970896510286231e-02
5.883000149189815398e-02
7.290608318155071543e-02
7.574778763034571705e-02
2.359481792318980642e-02
4.958295457116346228e-01
2.046695413456368906e-02
4.405520530337098811e-02
1.105041622969232529e-01
1.473856862479134937e-02
1.572769707092524713e-02
1.503316756830765655e-01
8.533787617999902264e-02
1.127802882605941498e-01
7.861899262006262490e-03
9.871865884960948773e-03
3.541771551358576658e-02
2.629632020519120927e-01
1.990467356794424492e-02
5.981354551425235311e-01
9.290396110829332588e-02
1.901337327859342619e-02
8.093986870128992359e-03
2.307541860631962677e-02
2.222775231738841895e-01
7.617637220476979054e-02
2.180792709692375708e-01
2.901189422924722039e-01
2.721731684203150189e-02
2.857965498518756642e-02
7.604808777041065226e-02
3.168079673116586809e-02
1.269349595534301559e-02
1.151072160398867034e-01
7.334470329705358727e-02
1.175197835661608015e-01
1.956543004122057033e-02
6.795534898166031776e-03
5.243382434410576165e-02
1.166663438287520504e+00
6.691950147818231942e-02
1.304372806116392003e-01
3.143683932021644478e-02
1.316035940718032760e-01
7.381095133537821096e-02
9.008777657630046704e-03
7.892258462196266589e-02
5.984224081059411060e-02
1.091898595012094353e-01
6.238015856307762425e-02
3.226697306795767162e-02
2.360304765464393828e-02
4.941283139111761480e-03
1.284702908509073094e+00
7.676185113216154043e-01
6.256248114733533594e-01
5.931587821857187137e-01
7.583533041419435738e-01
7.191021563975135145e-01
1.478341840572588106e+00
2.213829185448973558e+00
1.198209171870114886e+00
1.159054475686861707e+00
9.045359115335168676e-01
1.232812731342045831e+00
5.834561402911766503e-01
8.931328056540387417e-01
7.401608491273289347e-01
9.733650405809515238e-01
4.031653252766957407e-01
9.110543312429479901e-01
2.261192051132874248e+00
1.212360722976737470e+00
1.005849233066849147e+00
6.160251663661984178e-01
5.513011299797704323e-01
6.879050947916636183e-01
1.079799510387348560e+00
1.608566397023671879e+00
9.665885558034835734e-01
6.346554646247699605e-01
9.294264342371867382e-01
7.344147418049926657e-01
9.979057166537561585e-01
8.002207916049917102e-01
1.401602326660392972e+00
1.160500508000873898e+00
6.233743064233960851e-01
1.111782016256664507e+00
1.343868447024394452e+00
1.703851291831185666e+00
9.327559274332162254e-01
8.411803609486486755e-01
1.324841537309075390e+00
4.414980126898448431e-01
8.497062315559437140e-01
8.958394795162966107e-01
1.181029592343165513e+00
7.087448709275687708e-01
5.452555300519877912e-01
1.305848028229748659e+00
5.009160953442937103e-01
1.098535429905118876e+00
5.672063917750798101e-01
4.440142490576796108e-01
1.241025816497146161e+00
1.543949006620419340e+00
7.144778041850614603e-01
1.251314825815652343e+00
9.163448223782506563e-01
8.106640273899866633e-01
8.171846681419606684e-01
6.649285750174364074e-01
1.087237847405936098e+00
1.606119999977501100e+00
3.189293399933392781e-01
